Len: 100
0.044165
Len: 200
0.177001
Len: 300
0.462982
Len: 400
1.02036
Len: 500
2.06288
Len: 600
3.64109
Len: 700
10.9842
Len: 800
17.9327
Len: 900
27.1243
Len: 1000
48.6448
Len: 1100
57.3112
Len: 1200
60.1062
Len: 1300
92.7875
Len: 1400
124.595
Len: 1500
168.535
Len: 1600
211.875
Len: 1700
274.681
Len: 1800
179.23
Len: 1900
165.278
Len: 2000
161.619
Len: 2100
178.873
Len: 2200
211.465
Len: 2300
239.927
Len: 2400
271.92
Len: 2500
310.53
Len: 2600
349.549
Len: 2700
392.415
Len: 2800
437.286
Len: 2900
499.038
Len: 3000
564.967

Multiply matrices: 0.044165 0.177001 0.462982 1.020357 2.062875 3.641092 10.984207 17.932674 27.124279 48.64478 57.311234 60.106232 92.787517 124.595188 168.534669 211.874841 274.68079 179.23041 165.277879 161.618741 178.872845 211.465364 239.927174 271.919706 310.529857 349.548974 392.414534 437.285558 499.037815 564.967036