Len: 10000
108.2797 0.8997 0.0291 0.022
Len: 20000
427.3258 2.0174 0.0582 0.0454
Len: 30000
967.4377 3.2446 0.0873 0.066
Len: 40000
1718.5256 4.6153 0.1232 0.09
Len: 50000
2703.0615 5.8654 0.1455 0.1146
Len: 60000
3876.4711 7.2784 0.1914 0.1319
Len: 70000
5252.3229 8.6435 0.2079 0.1587
Len: 80000
6837.2982 10.0636 0.2332 0.1763
Len: 90000
8652.4663 11.4078 0.2624 0.1983
Len: 100000
10727.6462 12.9812 0.2925 0.2208
Len: 110000
12963.1711 14.5652 0.3343 0.2451
Len: 120000
15433.1952 16.1511 0.3509 0.2857
Len: 130000
18112.8466 17.5351 0.3831 0.2874
Len: 140000
20949.3448 19.1617 0.4169 0.3129
Len: 150000
24067.6727 20.4754 0.4377 0.3307

Eval1: 108.2797 427.3258 967.4377 1718.5256 2703.0615 3876.4711 5252.3229 6837.2982 8652.4663 10727.6462 12963.1711 15433.1952 18112.8466 20949.3448 24067.6727
Eval2: 0.8997 2.0174 3.2446 4.6153 5.8654 7.2784 8.6435 10.0636 11.4078 12.9812 14.5652 16.1511 17.5351 19.1617 20.4754
Eval3: 0.0291 0.0582 0.0873 0.1232 0.1455 0.1914 0.2079 0.2332 0.2624 0.2925 0.3343 0.3509 0.3831 0.4169 0.4377
Eval4: 0.022 0.0454 0.066 0.09 0.1146 0.1319 0.1587 0.1763 0.1983 0.2208 0.2451 0.2857 0.2874 0.3129 0.3307