Len: 100000000
194.6065 200.4542 0.0002 0.0003 0.0002 0.0004
Len: 110000000
218.24 217.4584 0.0003 0.0001 0.0002 0.0002
Len: 120000000
239.4356 237.1091 0.0002 0.0001 0.0003 0.0002
Len: 130000000
254.7386 252.3622 0.0003 0.0002 0.0002 0.0003
Len: 140000000
271.7167 272.0046 0.0003 0.0003 0.0003 0.0003
Len: 150000000
294.0065 294.5406 0.0002 0.0003 0.0003 0.0002
Len: 160000000
312.7525 311.3816 0.0002 0.0002 0.0003 0.0003
Len: 170000000
332.9617 330.5528 0.0002 0.0003 0.0002 0.0003
Len: 180000000
353.61 350.9708 0.0002 0.0001 0.0004 0.0003
Len: 190000000
372.3152 370.4856 0.0003 0.0005 0.0003 0.0003

Sequential Best case: 200.4542 217.4584 237.1091 252.3622 272.0046 294.5406 311.3816 330.5528 350.9708 370.4856
Sequential Worst case: 194.6065 218.24 239.4356 254.7386 271.7167 294.0065 312.7525 332.9617 353.61 372.3152
bin Best case: 0.0003 0.0001 0.0001 0.0002 0.0003 0.0003 0.0002 0.0003 0.0001 0.0005
bin Worst case: 0.0002 0.0003 0.0002 0.0003 0.0003 0.0002 0.0002 0.0002 0.0002 0.0003
Binary Best case: 0.0004 0.0002 0.0002 0.0003 0.0003 0.0002 0.0003 0.0003 0.0003 0.0003
Binary Worst case: 0.0002 0.0002 0.0003 0.0002 0.0003 0.0003 0.0003 0.0002 0.0004 0.0003