Len: 1000
0.09984
Len: 2000
0.40125
Len: 3000
0.86589
Len: 4000
1.53235
Len: 5000
2.41303
Len: 6000
3.4615
Len: 7000
4.72991
Len: 8000
6.18116
Len: 9000
8.2693
Len: 10000
9.61834
Len: 11000
11.6989
Len: 12000
14.2497
Len: 13000
16.2921
Len: 14000
19.2435
Len: 15000
22.1035
Len: 16000
25.0783
Len: 17000
29.3316
Len: 18000
31.2576
Len: 19000
34.8533
Len: 20000
38.8939
Len: 21000
42.7564
Len: 22000
47.6124
Len: 23000
51.3429
Len: 24000
60.0207
Len: 25000
87.8787
Len: 26000
94.1828
Len: 27000
101.178
Len: 28000
108.17
Len: 29000
115.777
Len: 30000
124.356

Add matrices: 0.09984 0.40125 0.86589 1.53235 2.41303 3.4615 4.72991 6.18116 8.2693 9.61834 11.69891 14.24974 16.29208 19.24355 22.10353 25.0783 29.33161 31.25757 34.85334 38.89392 42.75644 47.61237 51.34288 60.02073 87.87869 94.18277 101.17828 108.17041 115.77736 124.35613
