Len: 101
0.00088
Len: 121
0.00118
Len: 141
0.00156
Len: 161
0.00194
Len: 181
0.0025
Len: 201
0.00305
Len: 221
0.00367
Len: 241
0.00427
Len: 261
0.00501
Len: 281
0.00583
Len: 301
0.00668
Len: 321
0.00758
Len: 341
0.00884
Len: 361
0.00953
Len: 381
0.01064
Len: 401
0.01179
Len: 421
0.01306
Len: 441
0.01486
Len: 461
0.0156
Len: 481
0.01732
Len: 501
0.01959
Len: 521
0.02054
Len: 541
0.02142
Len: 561
0.02321
Len: 581
0.02458
Len: 601
0.0274
Len: 621
0.03103
Len: 641
0.03126
Len: 661
0.03644
Len: 681
0.03384

Magic times: 0.00088 0.00118 0.00156 0.00194 0.0025 0.00305 0.00367 0.00427 0.00501 0.00583 0.00668 0.00758 0.00884 0.00953 0.01064 0.01179 0.01306 0.01486 0.0156 0.01732 0.01959 0.02054 0.02142 0.02321 0.02458 0.0274 0.03103 0.03126 0.03644 0.03384