Len: 1000
0.0039 0.0142
Len: 2000
0.0048 0.0264
Len: 3000
0.0071 0.0376
Len: 4000
0.0095 0.049
Len: 5000
0.0119 0.0608
Len: 6000
0.0143 0.0728
Len: 7000
0.0165 0.0847
Len: 8000
0.019 0.0967
Len: 9000
0.0209 0.1086
Len: 10000
0.0225 0.1153
Len: 11000
0.0248 0.1238
Len: 12000
0.0264 0.1328
Len: 13000
0.0285 0.1344
Len: 14000
0.0286 0.1488
Len: 15000
0.0307 0.1637
Len: 16000
0.0331 0.1865
Len: 17000
0.0348 0.1821
Len: 18000
0.0369 0.1928
Len: 19000
0.0391 0.2026
Len: 20000
0.0408 0.2129
Len: 21000
0.043 0.2369
Len: 22000
0.045 0.2357
Len: 23000
0.0533 0.2576
Len: 24000
0.0503 0.2859
Len: 25000
0.0511 0.266
Len: 26000
0.0531 0.2781
Len: 27000
0.0553 0.2916
Len: 28000
0.0573 0.305
Len: 29000
0.059 0.3087
Len: 30000
0.0613 0.3594
Len: 31000
0.0635 0.3486
Len: 32000
0.0671 0.3526

Sum: 0.0039 0.0048 0.0071 0.0095 0.0119 0.0143 0.0165 0.019 0.0209 0.0225 0.0248 0.0264 0.0285 0.0286 0.0307 0.0331 0.0348 0.0369 0.0391 0.0408 0.043 0.045 0.0533 0.0503 0.0511 0.0531 0.0553 0.0573 0.059 0.0613 0.0635 0.0671
Rsum: 0.0142 0.0264 0.0376 0.049 0.0608 0.0728 0.0847 0.0967 0.1086 0.1153 0.1238 0.1328 0.1344 0.1488 0.1637 0.1865 0.1821 0.1928 0.2026 0.2129 0.2369 0.2357 0.2576 0.2859 0.266 0.2781 0.2916 0.305 0.3087 0.3594 0.3486 0.3526
